7.548337709362016
0.20205426567854753
0.0878246697317903
0.03928837809806028
0.02344257615222351
0.8389364178134006
1.8613976896096471
1.9704503692524662
1.5397515430663227
-2.4911820555067035
-3.1872730779317897
-2.88150641323275
-1.952077757795909
-2.4810779766566777
-3.8065609220020598
-4.311110103293151
-2.185313029252259
0.7480601851440598
7.54833770936187
-3.8065609220020598
1.9704503692526667
-4.311110103293151
0.16082576459971923
-0.1148448263360275
-0.36531694626202227
-0.05711393060651154
0.2328816362891219
0.06869374707168455
0.15491611155933305
0.4785465701871217
-0.5443603192909697
-0.8571259601630592
-0.9531735025204854
-0.48042362034968605
0.4785465701871217
-1.952077757795909
7.54833770936187
-2.88150641323275
1.5397515430656485
0.10216256408344696
0.2328816362891219
0.15491611155933305
-0.2727265795433641
-0.7777316876254389
-0.2806693648617542
-1.2677860530519882
-0.4947266891682757
0.16082576459971923
0.7480601851440598
-0.05711393060651154
0.36395836886907873
0.16082576459971923
0.8389364177833923
-2.4810779766566777
7.54833770936187
-2.185313029252259
0.03240074863479038
0.5217331270661084
0.7480601851440598
0.36395836886907873
0.07550276902822005
0.2328816362891219
0.4785465701871217
0.10216256408344696
-0.6840261205276351
-0.5443603192909697
-0.48042362034968605
-0.6705108203699414
0.2328816362891219
-2.4911820555067035
1.8613976899271918
-3.1872730779317897
7.54833770936187
0.07550276902822005
-0.292555654664681
0.06869374707168455
0.4785465701871217
-0.43838881894739024
-0.8299091785076586
-0.2806693648617542
-0.7777316876254389
0.5217331270661084
-0.1148448263360275
0.7480601851440598
0.16082576459971923
1.9704503692524662
0.03928837809806028
-0.08411553401675183
0.037082105730820075
0.11756520971707622
7.548337709362016
4.84440327633619
5.151818173609139
4.611970653263845
-3.1872730779317897
-3.697123313906724
-3.1615385429669822
-2.88150641323275
-3.8065609220020598
-4.421335823124249
-4.4645749904943886
-4.311110103293151
1.5397515430663227
-0.006737118929686472
0.02344257615222351
-0.03809473901045881
-0.04149223938850235
5.057835386237051
7.548337709362016
4.611970653263845
3.233566808573799
-1.952077757795909
-2.88150641323275
-3.5892872908067384
-3.260242383185682
-2.185313029252259
-4.311110103293151
-3.4641427341810944
-4.148396055007617
0.8389364178134006
-0.06855689940247595
-0.006863427875131879
0.20205426567854753
0.052231868743772614
3.3794915630360722
5.260132666914944
7.548337709362016
5.057835386237051
-1.90896693242568
-2.4911820555067035
-1.952077757795909
-3.0278769322009764
-3.1941868867302263
-2.4810779766566777
-2.185313029252259
-2.44485541863168
1.8613976896096471
-0.07433492301121486
-0.13312458194826282
0.0813928952270941
0.0878246697317903
5.260132666914944
4.961992759955023
4.84440327633619
7.548337709362016
-3.3545874692920528
-4.338520621602821
-3.1872730779317897
-2.4911820555067035
-2.845650457124172
-3.710055745048745
-3.8065609220020598
-2.4810779766566777
-4.311110103293151
0.02344257615222351
-0.13590124767533024
0.11756520971707622
0.023057119848023246
-2.185313029252259
-3.8065609220020598
-4.4645749904943886
-3.4641427341810944
7.54833770936187
1.9704503692526667
4.611970653263734
1.5397515430656485
5.356222252892131
-0.303963133301854
4.862958631000127
-0.22622359344882628
-2.185313029252259
0.052231868743772614
0.08554519481096551
0.02344257615222351
-0.22922901789747738
-2.44485541863168
-2.4810779766566777
-4.311110103293151
-4.148396055007617
0.8389364177833923
7.54833770936187
1.5397515430656485
5.057835386236924
-0.24095790953630727
5.356222252892131
-0.22622359344882628
3.248585043626531
-2.4810779766566777
-0.006863427875131879
0.03616091897821286
0.0878246697317903
0.08554519481096551
-3.1941868867302263
-2.845650457124172
-3.8065609220020598
-2.185313029252259
5.26013266691494
1.8613976899271918
7.54833770936187
0.8389364177833923
3.537475890475103
-0.2212847843166069
5.356222252892131
-0.24095790953630727
-3.8065609220020598
0.0878246697317903
-0.17556108705268994
-0.08411553401675183
-0.13590124767533024
-2.4810779766566777
-3.710055745048745
-4.421335823124249
-4.311110103293151
1.8613976899271918
4.844403276336218
1.9704503692526667
7.54833770936187
-0.2212847843166069
3.2589268619403087
-0.303963133301854
5.356222252892131
-2.88150641323275
-0.1635144283821364
0.03928837809806028
-0.14906984185754724
-0.03809473901045881
-1.952077757795909
-3.1872730779317897
-3.1615385429669822
-3.5892872908067384
4.909415950222126
-0.3011222153010752
3.5834022960479435
-0.22079593128189215
7.54833770936187
1.9704503692526667
4.611970653263734
1.5397515430656485
-1.952077757795909
0.07048257612349121
0.20205426567854753
-0.1635144283821364
-0.006737118929686472
-3.0278769322009764
-2.4911820555067035
-2.88150641323275
-3.260242383185682
-0.632393328714316
4.909415950222126
-0.22079593128189215
3.7002344066448813
0.8389364177833923
7.54833770936187
1.5397515430656485
5.057835386236924
-2.4911820555067035
-0.1619008613420296
-0.07433492301121486
-0.20175081631517744
0.20205426567854753
-1.90896693242568
-3.3545874692920528
-3.1872730779317897
-1.952077757795909
3.6632164134524654
-0.23516798474030579
4.909415950222126
-0.632393328714316
5.26013266691494
1.8613976899271918
7.54833770936187
0.8389364177833923
-3.1872730779317897
-0.20175081631517744
0.0813928952270941
-0.11344455427608653
0.03928837809806028
-2.4911820555067035
-4.338520621602821
-3.697123313906724
-2.88150641323275
-0.23516798474030579
2.992689642877706
-0.3011222153010752
4.909415950222126
1.8613976899271918
4.844403276336218
1.9704503692526667
7.54833770936187